Reference Set:

134.5 2.0 
31.618055555555554 51.0 
45.38027777777777 38.0 
39.14666666666668 41.0 
42.33972222222223 39.0 
41.23555555555557 40.0 
37.05611111111112 42.0 
36.13944444444445 43.0 
34.81027777777778 44.0 
32.56861111111111 47.0 
33.79250000000001 46.0 
33.89361111111112 45.0 
31.876944444444437 48.0 
31.775833333333335 49.0 
31.67555555555555 50.0 
90.99999999999999 13.0 
87.99999999999999 14.0 
121.0 5.0 
124.99999999999997 4.0 
25.754960317460316 93.0 
25.59060846560847 94.0 
25.537037037037038 95.0 
24.752160493827166 96.0 
24.752160493827162 97.0 
24.529938271604937 101.0 
22.338973063973064 117.0 
22.19175084175084 118.0 
21.525084175084174 121.0 
21.025084175084174 124.0 
21.02508417508417 125.0 
20.53518518518518 126.0 
19.90185185185185 128.0 
23.42116402116402 114.0 
23.421164021164017 116.0 
17.270451770451768 148.0 
129.49999999999997 3.0 
140.0 1.0 
93.33333333333333 12.0 
84.70000000000002 15.0 
81.70000000000003 16.0 
58.249999999999986 30.0 
56.249999999999986 31.0 
65.33333333333334 23.0 
97.33333333333331 11.0 
30.16717171717173 77.0 
30.167171717171723 78.0 
29.973737373737375 80.0 
29.357575757575756 81.0 
29.281818181818185 84.0 
28.615151515151517 85.0 
27.53181818181819 86.0 
26.358838383838382 89.0 
26.1060606060606 92.0 
24.338827838827843 105.0 
23.854700854700855 106.0 
17.167301587301587 160.0 
50.48333333333333 37.0 
106.99999999999997 8.0 
103.49999999999997 9.0 
99.99999999999997 10.0 
69.33333333333331 21.0 
68.83333333333333 22.0 
59.599999999999994 28.0 
59.59999999999999 29.0 
54.35000000000001 32.0 
54.35 34.0 
51.35 35.0 
50.516666666666666 36.0 
73.58333333333333 20.0 
61.66666666666665 26.0 
60.66666666666665 27.0 
79.25 17.0 
75.75 18.0 
75.41666666666667 19.0 
111.83333333333333 7.0 
64.33333333333333 24.0 
18.489560439560442 136.0 
18.48956043956044 140.0 
17.438461538461542 143.0 
116.16666666666664 6.0 
31.107142857142854 72.0 

QLearning
Approximation Set:
[124.0, 6.0]
[132.0, 3.0]
[141.0, 1.0]
[134.5, 2.0]
[85.86111111111111, 101.0]
[84.87500000000001, 108.0]
[117.16666666666667, 9.0]
[113.66666666666667, 10.0]
[112.66666666666667, 15.0]
[107.66666666666667, 16.0]
[105.16666666666667, 17.0]
[87.24999999999997, 68.0]
[83.7777777777778, 155.0]
[84.77083333333333, 144.0]
[94.58333333333333, 50.0]
[90.81666666666666, 51.0]
[90.4375, 65.0]
[87.88194444444444, 66.0]
[87.88194444444443, 67.0]
[123.5, 7.0]
[118.5, 8.0]
[100.0, 32.0]
[96.25, 34.0]
[85.625, 104.0]
[104.41666666666666, 24.0]
[102.41666666666664, 25.0]
[101.41666666666664, 26.0]
[127.0, 4.0]
Average: 0.3247351272704052
Standard Deviation: 0.01294256897546999
Max: 0.34641694184614796
Min: 0.29948440816487365
Count: 30
Converged after iter. (avg): 93733.33333333333


NSGAII
Approximation Set:
[63.451388888888886, 33.0]
[76.34523809523809, 30.0]
[73.30555555555554, 32.0]
[75.96031746031746, 31.0]
[57.17638888888889, 34.0]
[55.108333333333334, 35.0]
[52.65, 36.0]
[50.79972222222222, 37.0]
[31.618055555555554, 51.0]
[45.38027777777777, 38.0]
[39.14666666666668, 41.0]
[42.33972222222223, 39.0]
[41.23555555555557, 40.0]
[37.05611111111112, 42.0]
[36.13944444444445, 43.0]
[34.81027777777778, 44.0]
[32.56861111111111, 47.0]
[33.79250000000001, 46.0]
[33.89361111111112, 45.0]
[31.876944444444437, 48.0]
[31.775833333333335, 49.0]
[31.67555555555555, 50.0]
Average: 0.5785363940255157
Standard Deviation: 0.029486672867991677
Max: 0.6739207325586065
Min: 0.5137525168944199
Count: 30
Converged after iter. (avg): 97133.33333333333


QLearningExplore
Approximation Set:
[41.780952380952385, 48.0]
[39.39285714285715, 52.0]
[39.39285714285714, 53.0]
[36.99999999999999, 59.0]
[90.99999999999999, 13.0]
[87.99999999999999, 14.0]
[121.0, 5.0]
[124.99999999999997, 4.0]
[25.754960317460316, 93.0]
[25.59060846560847, 94.0]
[25.537037037037038, 95.0]
[24.752160493827166, 96.0]
[24.752160493827162, 97.0]
[24.529938271604937, 101.0]
[22.338973063973064, 117.0]
[22.19175084175084, 118.0]
[21.525084175084174, 121.0]
[21.025084175084174, 124.0]
[21.02508417508417, 125.0]
[20.53518518518518, 126.0]
[19.90185185185185, 128.0]
[23.42116402116402, 114.0]
[23.421164021164017, 116.0]
[17.270451770451768, 148.0]
[129.49999999999997, 3.0]
[135.0, 2.0]
[140.0, 1.0]
[93.33333333333333, 12.0]
[84.70000000000002, 15.0]
[81.70000000000003, 16.0]
[58.249999999999986, 30.0]
[56.249999999999986, 31.0]
[65.33333333333334, 23.0]
[97.33333333333331, 11.0]
[39.82142857142857, 49.0]
[30.16717171717173, 77.0]
[30.167171717171723, 78.0]
[29.973737373737375, 80.0]
[29.357575757575756, 81.0]
[29.281818181818185, 84.0]
[28.615151515151517, 85.0]
[27.53181818181819, 86.0]
[26.358838383838382, 89.0]
[26.1060606060606, 92.0]
[24.338827838827843, 105.0]
[23.854700854700855, 106.0]
[17.167301587301587, 160.0]
[50.48333333333333, 37.0]
[37.46666666666667, 55.0]
[37.26666666666668, 57.0]
[37.266666666666666, 58.0]
[33.93333333333334, 62.0]
[33.93333333333333, 63.0]
[33.7, 64.0]
[33.033333333333346, 65.0]
[33.03333333333334, 66.0]
[106.99999999999997, 8.0]
[103.49999999999997, 9.0]
[99.99999999999997, 10.0]
[69.33333333333331, 21.0]
[68.83333333333333, 22.0]
[59.599999999999994, 28.0]
[59.59999999999999, 29.0]
[54.35000000000001, 32.0]
[54.35, 34.0]
[51.35, 35.0]
[50.516666666666666, 36.0]
[48.61666666666666, 38.0]
[73.58333333333333, 20.0]
[61.66666666666665, 26.0]
[60.66666666666665, 27.0]
[79.25, 17.0]
[75.75, 18.0]
[75.41666666666667, 19.0]
[48.24444444444445, 40.0]
[42.74444444444445, 47.0]
[39.04761904761905, 54.0]
[36.260714285714286, 61.0]
[45.75833333333333, 41.0]
[45.05, 45.0]
[44.550000000000004, 46.0]
[111.83333333333333, 7.0]
[64.33333333333333, 24.0]
[18.489560439560442, 136.0]
[18.48956043956044, 140.0]
[17.438461538461542, 143.0]
[116.16666666666664, 6.0]
[32.88333333333334, 68.0]
[32.416666666666664, 69.0]
[31.749999999999996, 71.0]
[31.107142857142854, 72.0]
Average: 0.7780628577022349
Standard Deviation: 0.008688373782739942
Max: 0.7967350449606072
Min: 0.7624821448474701
Count: 30
Converged after iter. (avg): 93966.66666666667

