Reference Set:

29.696464436023355 1.0 
27.163946694101718 11.0 
26.496792258686703 14.0 
26.055325751178003 16.0 
26.942160269733378 12.0 
26.27698612854982 15.0 
25.831763393156105 17.0 
25.629670306112015 18.0 
22.752582271030246 34.0 
22.602654711338662 35.0 
22.46063222618633 36.0 
22.322186272854186 37.0 
22.18738380251263 38.0 
22.051757299589525 39.0 
21.92897626429469 40.0 
21.823840175367852 41.0 
21.71819513679716 42.0 
21.55643755354766 44.0 
21.63700533807763 43.0 
28.345722781400372 7.0 
26.718532893854775 13.0 
23.062523712724936 32.0 
22.90589443789524 33.0 
27.90125445208512 8.0 
27.652847954595924 9.0 
27.405838793950462 10.0 
25.42203768386791 19.0 
25.216661158844957 20.0 
25.017593809157585 21.0 
24.820958885586993 22.0 
24.622753704652936 23.0 
24.427034203930692 24.0 
24.233860608660766 25.0 
24.043294283437948 26.0 
23.867970169245645 27.0 
23.695569206077323 28.0 
23.5261556570554 29.0 
23.359794519644215 30.0 
23.196551467836763 31.0 
21.075103795711183 51.0 
21.463457317030727 45.0 
21.17356842858567 49.0 
21.370072531463244 46.0 
21.26499470961608 48.0 
21.30821437849732 47.0 
21.09881513260875 50.0 
21.063712873090537 58.0 
20.800961516237656 59.0 
20.7316183642281 60.0 
20.696859665176255 61.0 
20.687194106499796 62.0 
20.551398979144942 63.0 
20.460694025374597 64.0 
20.338141508013944 65.0 
20.14745641514084 67.0 
19.927869931329834 69.0 
18.938848961856156 79.0 
20.264254242384542 66.0 
19.71395444856257 71.0 
19.622436138257658 72.0 
29.221225162542382 3.0 
28.966877636362536 4.0 
28.57551399362748 6.0 
29.429237163066258 2.0 
28.750652166516154 5.0 
20.008997975910734 68.0 
19.81211750419424 70.0 
19.472031224297062 73.0 
19.369047472707578 74.0 
19.28004149373128 75.0 
19.160375779195977 76.0 
19.07668734345667 77.0 
19.005262429127356 78.0 
18.881737208212588 80.0 

QLearning
Approximation Set:
[29.696464436023355, 1.0]
[27.79280482427062, 43.0]
[27.779848811683625, 45.0]
[29.386391408269237, 3.0]
[28.428858577157122, 16.0]
[28.352777641705583, 17.0]
[28.186521601644998, 18.0]
[28.183683222744328, 20.0]
[28.12685549434917, 21.0]
[27.206616842231597, 77.0]
[27.056976919086875, 79.0]
[26.870057685088803, 80.0]
[29.170533077062544, 5.0]
[27.25949375905576, 75.0]
[28.595104476116187, 15.0]
[27.939935576160515, 39.0]
[29.486946264406562, 2.0]
[29.187668629063197, 4.0]
[28.879058156387302, 7.0]
[28.71933146854223, 8.0]
[28.692159207699934, 9.0]
[28.689370854028848, 10.0]
[27.97427389584938, 25.0]
[27.752477366894656, 47.0]
[29.12387336876742, 6.0]
[27.364210202379308, 73.0]
[27.90412155936825, 41.0]
[27.863237428554495, 42.0]
[27.65501762790977, 49.0]
[27.469983618488023, 50.0]
[27.429910681589913, 51.0]

Average: 0.12907349243417385
Standard Deviation: 0.007293673231970614
Max: 0.1449794761562555
Min: 0.11379269509889307
Count: 30
Converged after iter. (avg): 87833.33333333333


NSGAII
Approximation Set:
[27.163946694101718, 11.0]
[26.496792258686703, 14.0]
[26.055325751178003, 16.0]
[26.942160269733378, 12.0]
[26.27698612854982, 15.0]
[25.831763393156105, 17.0]
[25.629670306112015, 18.0]
[22.752582271030246, 34.0]
[22.602654711338662, 35.0]
[22.46063222618633, 36.0]
[22.322186272854186, 37.0]
[22.18738380251263, 38.0]
[22.051757299589525, 39.0]
[21.92897626429469, 40.0]
[21.823840175367852, 41.0]
[21.71819513679716, 42.0]
[21.55643755354766, 44.0]
[21.63700533807763, 43.0]
[28.345722781400372, 7.0]
[26.718532893854775, 13.0]
[23.062523712724936, 32.0]
[22.90589443789524, 33.0]
[27.90125445208512, 8.0]
[27.652847954595924, 9.0]
[27.405838793950462, 10.0]
[25.42203768386791, 19.0]
[25.216661158844957, 20.0]
[25.017593809157585, 21.0]
[24.820958885586993, 22.0]
[24.622753704652936, 23.0]
[24.427034203930692, 24.0]
[24.233860608660766, 25.0]
[24.043294283437948, 26.0]
[23.867970169245645, 27.0]
[23.695569206077323, 28.0]
[23.5261556570554, 29.0]
[23.359794519644215, 30.0]
[23.196551467836763, 31.0]
[21.075103795711183, 51.0]
[21.463457317030727, 45.0]
[21.17356842858567, 49.0]
[21.370072531463244, 46.0]
[21.26499470961608, 48.0]
[21.30821437849732, 47.0]
[21.09881513260875, 50.0]
Average: 0.5129619433789985
Standard Deviation: 0.028816475810962777
Max: 0.5745151496013531
Min: 0.43627073410892525
Count: 30
Converged after iter. (avg): 96333.33333333333

QLearningExplore
Approximation Set:
[25.70447431868623, 23.0]
[27.406568555731308, 13.0]
[27.13890196747097, 14.0]
[27.519447668875916, 12.0]
[26.848463643195668, 16.0]
[26.657831869827668, 17.0]
[26.424231303861987, 18.0]
[26.35147054720096, 19.0]
[26.206869328479502, 20.0]
[25.15790134331558, 27.0]
[24.902208737379098, 28.0]
[24.684408034222734, 29.0]
[24.62112913738929, 30.0]
[24.466303357883877, 31.0]
[24.343376922686794, 32.0]
[24.186773244895647, 33.0]
[29.696464436023355, 1.0]
[26.030751045638304, 21.0]
[25.915246477701107, 22.0]
[25.61562023453658, 24.0]
[25.46055773151876, 25.0]
[25.32508637695042, 26.0]
[24.14704950920505, 34.0]
[23.534655298091785, 38.0]
[22.96780355192894, 42.0]
[22.407141718657467, 47.0]
[21.96542738031746, 51.0]
[21.833002542023397, 52.0]
[21.69331694324314, 53.0]
[21.568495543268657, 54.0]
[21.400934559032695, 55.0]
[21.265935201631738, 56.0]
[21.111134502911018, 57.0]
[21.063712873090537, 58.0]
[20.800961516237656, 59.0]
[20.7316183642281, 60.0]
[20.696859665176255, 61.0]
[20.687194106499796, 62.0]
[20.551398979144942, 63.0]
[20.460694025374597, 64.0]
[20.338141508013944, 65.0]
[20.14745641514084, 67.0]
[19.927869931329834, 69.0]
[18.938848961856156, 79.0]
[20.264254242384542, 66.0]
[19.71395444856257, 71.0]
[19.622436138257658, 72.0]
[29.221225162542382, 3.0]
[28.966877636362536, 4.0]
[24.009997917534267, 35.0]
[26.90204453196819, 15.0]
[28.57551399362748, 6.0]
[27.843132007732176, 10.0]
[27.63765547219952, 11.0]
[29.429237163066258, 2.0]
[23.05905462069076, 41.0]
[22.87181671839821, 43.0]
[22.3060529901639, 48.0]
[22.103393404633593, 49.0]
[22.035426022657237, 50.0]
[23.79495744900587, 36.0]
[23.687127305775178, 37.0]
[23.350374729327147, 39.0]
[23.157720095035263, 40.0]
[22.739393131743864, 44.0]
[22.587607221660285, 45.0]
[22.518436890690257, 46.0]
[28.750652166516154, 5.0]
[20.008997975910734, 68.0]
[19.81211750419424, 70.0]
[19.472031224297062, 73.0]
[19.369047472707578, 74.0]
[19.28004149373128, 75.0]
[19.160375779195977, 76.0]
[19.07668734345667, 77.0]
[19.005262429127356, 78.0]
[18.881737208212588, 80.0]
[28.38097954616789, 7.0]
[28.197162977860025, 8.0]
[27.98356660613511, 9.0]
Average: 0.5378407494364279
Standard Deviation: 0.006987685347842848
Max: 0.5523238219803466
Min: 0.5249287074630306
Count: 30
Converged after iter. (avg): 91533.33333333333

