Reference Set:

67.5 1.0 
65.3 2.0 
63.1 3.0 
60.900000000000006 4.0 
58.7 5.0 
56.5 6.0 
54.3 7.0 
52.1 8.0 
49.9 9.0 
47.7 10.0 
45.5 11.0 
41.1 13.0 
43.3 12.0 

QLearning
Approximation Set:
[67.5, 1.0]
[65.3, 2.0]
[45.4, 12.0]
[42.1, 14.0]
[63.1, 3.0]
[60.900000000000006, 4.0]
[58.7, 5.0]
[56.5, 6.0]
[54.3, 7.0]
[52.1, 8.0]
[49.9, 9.0]
[47.7, 10.0]
[45.5, 11.0]
[43.2, 13.0]
Average: 0.3773358585858586
Standard Deviation: 0.033381010545072726
Max: 0.4517045454545455
Min: 0.32228535353535354
Count: 30
Converged after iter. (avg): 100.0


NSGAII
Approximation Set:
[65.3, 2.0]
[41.1, 13.0]
[58.7, 5.0]
[56.5, 6.0]
[45.5, 11.0]
[60.900000000000006, 4.0]
[49.9, 9.0]
[54.3, 7.0]
[52.1, 8.0]
[47.7, 10.0]
[43.3, 12.0]
[63.1, 3.0]
[67.5, 1.0]
Average: 0.454050925925926
Standard Deviation: 0.005972895594138897
Max: 0.4583333333333334
Min: 0.4381313131313132
Count: 30
Converged after iter. (avg): 530.0


QLearningExplore
Approximation Set:
[67.5, 1.0]
[65.3, 2.0]
[63.1, 3.0]
[60.900000000000006, 4.0]
[58.7, 5.0]
[56.5, 6.0]
[54.3, 7.0]
[52.1, 8.0]
[49.9, 9.0]
[47.7, 10.0]
[45.5, 11.0]
[43.3, 12.0]
[41.1, 13.0]
Average: 0.4583333333333334
Standard Deviation: 0.0
Max: 0.4583333333333334
Min: 0.4583333333333334
Count: 30
Converged after iter. (avg): 200.0

