Reference Set:

45.0 1.0 
7.56031746031746 23.0 
9.937301587301587 19.0 
9.187301587301587 20.0 
8.44920634920635 21.0 
7.726984126984128 22.0 
16.499999999999996 12.0 
12.0 15.0 
11.0 16.0 
10.5 18.0 
23.766666666666666 8.0 
21.766666666666666 9.0 
7.321428571428571 26.0 
1.1848484848484846 57.0 
1.0636363636363635 60.0 
19.749999999999996 10.0 
15.000000000000004 13.0 
13.595238095238097 14.0 
28.33333333333333 6.0 
26.25 7.0 
2.2750000000000004 43.0 
2.208333333333334 45.0 
2.208333333333333 50.0 
1.708333333333333 51.0 
18.65 11.0 
0.19523809523809454 66.0 
0.7407407407407405 61.0 
0.6296296296296289 62.0 
0.45833333333333304 63.0 
37.166666666666664 3.0 
34.0 4.0 
31.499999999999996 5.0 
4.5 33.0 
3.833333333333332 34.0 
3.450000000000001 35.0 
3.05 36.0 
2.75 42.0 
40.666666666666664 2.0 
6.033333333333333 27.0 
5.633333333333333 28.0 
5.483333333333334 30.0 
5.316666666666667 31.0 
5.3166666666666655 32.0 
1.6875000000000009 52.0 

QLearning
Approximation Set:
[19.166666666666664, 52.0]
[23.816666666666666, 20.0]
[45.0, 1.0]
[25.333333333333332, 14.0]
[27.66666666666666, 11.0]
[28.0, 10.0]
[22.39583333333333, 26.0]
[19.216666666666665, 38.0]
[28.166666666666668, 8.0]
[23.055555555555554, 23.0]
[18.566666666666666, 59.0]
[36.5, 4.0]
[41.5, 2.0]
[21.805555555555557, 30.0]
[20.38888888888889, 31.0]
[24.375, 19.0]
[30.833333333333332, 7.0]
[38.50000000000001, 3.0]
[24.861111111111107, 18.0]
[33.5, 5.0]
[32.5, 6.0]
[17.575000000000003, 66.0]
[18.583333333333332, 54.0]
[23.166666666666664, 22.0]
Average: 0.4286345860891509
Standard Deviation: 0.015467077317095488
Max: 0.46354962924205145
Min: 0.4067247398153976
Count: 30
Converged after iter. (avg): 91900.0


NSGAII
Approximation Set:
[36.166666666666664, 5.0]
[30.533333333333328, 7.0]
[33.45, 6.0]
[27.42857142857142, 8.0]
[24.099999999999994, 9.0]
[21.0, 10.0]
[19.0, 11.0]
[14.637500000000001, 14.0]
[13.2625, 15.0]
[12.1875, 16.0]
[11.395833333333334, 17.0]
[41.5, 4.0]
[7.56031746031746, 23.0]
[17.91269841269841, 12.0]
[10.719047619047618, 18.0]
[9.937301587301587, 19.0]
[9.187301587301587, 20.0]
[8.44920634920635, 21.0]
[7.726984126984128, 22.0]
[15.899999999999999, 13.0]
Average: 0.6088534245716731
Standard Deviation: 0.0439232449649177
Max: 0.702934996770686
Min: 0.4944729677804392
Count: 30
Converged after iter. (avg): 95733.33333333333


QLearningExplore
Approximation Set:
[8.666666666666664, 22.0]
[45.0, 1.0]
[16.499999999999996, 12.0]
[12.0, 15.0]
[11.0, 16.0]
[10.5, 18.0]
[23.766666666666666, 8.0]
[21.766666666666666, 9.0]
[7.321428571428571, 26.0]
[1.1848484848484846, 57.0]
[1.0636363636363635, 60.0]
[19.749999999999996, 10.0]
[15.000000000000004, 13.0]
[13.595238095238097, 14.0]
[7.933333333333333, 25.0]
[28.33333333333333, 6.0]
[26.25, 7.0]
[2.2750000000000004, 43.0]
[2.208333333333334, 45.0]
[2.208333333333333, 50.0]
[1.708333333333333, 51.0]
[8.386904761904763, 23.0]
[18.65, 11.0]
[0.19523809523809454, 66.0]
[0.7407407407407405, 61.0]
[0.6296296296296289, 62.0]
[0.45833333333333304, 63.0]
[37.166666666666664, 3.0]
[34.0, 4.0]
[31.499999999999996, 5.0]
[4.5, 33.0]
[3.833333333333332, 34.0]
[3.450000000000001, 35.0]
[3.05, 36.0]
[2.75, 42.0]
[9.833333333333336, 21.0]
[40.666666666666664, 2.0]
[6.033333333333333, 27.0]
[5.633333333333333, 28.0]
[5.483333333333334, 30.0]
[5.316666666666667, 31.0]
[5.3166666666666655, 32.0]
[1.6875000000000009, 52.0]
[8.18333333333333, 24.0]
Average: 0.761317891922951
Standard Deviation: 0.009106825722288573
Max: 0.7809495000694916
Min: 0.7422278451346366
Count: 30
Converged after iter. (avg): 93800.0

