Reference Set:

12.5 1.0 
10.25 2.0 
8.166666666666666 3.0 
6.166666666666665 4.0 
4.166666666666666 5.0 
-1.0000000000000009 8.0 
2.25 6.0 
0.25 7.0 
-3.8333333333333335 12.0 
-4.083333333333334 19.0 
-1.9999999999999991 9.0 
-3.0 10.0 

QLearning
Approximation Set:
[12.5, 1.0]
[3.25, 7.0]
[2.75, 8.0]
[1.75, 9.0]
[10.25, 2.0]
[6.5, 4.0]
[4.0, 6.0]
[8.166666666666666, 3.0]
[1.375, 15.0]
[4.999999999999998, 5.0]
[1.0, 20.0]
Average: 0.44393727898753027
Standard Deviation: 0.026666247610413814
Max: 0.5080960357342267
Min: 0.38944723618090454
Count: 30
Converged after iter. (avg): 84800.0


NSGAII
Approximation Set:
[0.9999999999999991, 7.0]
[-1.0000000000000004, 9.0]
[-0.16666666666666696, 8.0]
[12.5, 1.0]
[-2.0, 11.0]
[4.333333333333333, 5.0]
[2.333333333333333, 6.0]
[-1.3333333333333326, 10.0]
[10.333333333333332, 2.0]
[8.25, 3.0]
[6.25, 4.0]
Average: 0.5410788510453503
Standard Deviation: 0.05484278280127649
Max: 0.655499720826354
Min: 0.41475898008561335
Count: 30
Converged after iter. (avg): 78966.66666666667


QLearningExplore
Approximation Set:
[12.5, 1.0]
[10.25, 2.0]
[6.166666666666665, 4.0]
[4.166666666666666, 5.0]
[-1.0000000000000009, 8.0]
[8.25, 3.0]
[2.25, 6.0]
[0.25, 7.0]
[-3.8333333333333335, 12.0]
[-4.083333333333334, 19.0]
[-1.9999999999999991, 9.0]
[-3.0, 10.0]
Average: 0.6746153607543892
Standard Deviation: 0.013712245173067284
Max: 0.7197096594081518
Min: 0.6504745951982133
Count: 30
Converged after iter. (avg): 84633.33333333333

