Reference Set:

14.85934049680537 1.0 
14.408330923462302 2.0 
13.145341380123986 5.0 
11.541230437002806 9.0 
11.135528725660043 10.0 
11.949895397031725 8.0 
12.743625857659191 6.0 
12.345039489608771 7.0 
10.73312629199899 11.0 
10.373041983911952 12.0 
10.039920318408907 13.0 
9.715966241192897 14.0 
13.535139452550903 4.0 
13.957077057894322 3.0 
9.38083151964686 15.0 
9.055385138137417 16.0 
8.740709353364863 17.0 
6.228964600958975 29.0 
8.07465169527454 19.0 
8.414273587185052 18.0 
7.745966692414834 20.0 
7.429670248402684 21.0 
7.155417527999327 22.0 
6.542170893518452 26.0 
6.356099432828281 28.0 
6.418722614352486 27.0 
6.627216610312357 25.0 
6.805879810869422 24.0 
6.985699678629191 23.0 
5.253570214625479 38.0 
5.130302135352264 39.0 
5.0517323761260355 40.0 
6.196773353931867 33.0 
6.000000000000001 34.0 
5.81033561853358 35.0 
5.699122739510003 36.0 
5.440588203494177 37.0 

QLearning
Approximation Set:
[14.85934049680537, 1.0]
[14.408330923462302, 2.0]
[11.996666203575058, 19.0]
[11.832159566199232, 23.0]
[11.919731540601072, 22.0]
[14.057026712644461, 3.0]
[13.841965178398622, 4.0]
[13.561710806531748, 5.0]
[12.502799686470226, 15.0]
[13.43726162579266, 6.0]
[13.01383878799795, 7.0]
[10.729398864801327, 37.0]
[10.334408546211051, 38.0]
[10.244998779892558, 39.0]
[11.548160026601641, 26.0]
[11.443775600735973, 27.0]
[12.617448236470002, 11.0]
[12.604761005270984, 14.0]
[11.55162326255492, 24.0]
[11.274750551564322, 28.0]
[11.124747188138702, 29.0]
[11.005453193758084, 31.0]
[12.834328965707558, 10.0]
[12.263767773404714, 16.0]
Average: 0.22858730997629617
Standard Deviation: 0.014081886239953708
Max: 0.2651064229078989
Min: 0.20621779395032172
Count: 30
Converged after iter. (avg): 91400.0


NSGAII
Approximation Set:
[13.145341380123986, 5.0]
[11.541230437002806, 9.0]
[11.135528725660043, 10.0]
[11.949895397031725, 8.0]
[12.743625857659191, 6.0]
[12.345039489608771, 7.0]
[10.73312629199899, 11.0]
[10.373041983911952, 12.0]
[10.039920318408907, 13.0]
[9.715966241192897, 14.0]
[13.535139452550903, 4.0]
[14.408330923462302, 2.0]
[13.957077057894322, 3.0]
[9.38083151964686, 15.0]
[9.055385138137417, 16.0]
[8.740709353364863, 17.0]
[6.228964600958975, 29.0]
[8.07465169527454, 19.0]
[8.414273587185052, 18.0]
[7.745966692414834, 20.0]
[7.429670248402684, 21.0]
[7.155417527999327, 22.0]
[6.542170893518452, 26.0]
[6.356099432828281, 28.0]
[6.418722614352486, 27.0]
[14.85934049680537, 1.0]
[6.627216610312357, 25.0]
[6.805879810869422, 24.0]
[6.985699678629191, 23.0]
Average: 0.5748934004540884
Standard Deviation: 0.015462792587656421
Max: 0.6051140096273854
Min: 0.5495407521631258
Count: 30
Converged after iter. (avg): 91866.66666666667


QLearningExplore
Approximation Set:
[14.85934049680537, 1.0]
[14.408330923462302, 2.0]
[13.957077057894322, 3.0]
[13.579396157414363, 4.0]
[8.98443097808648, 19.0]
[8.690224392960172, 20.0]
[5.253570214625479, 38.0]
[5.130302135352264, 39.0]
[5.0517323761260355, 40.0]
[11.764352935882194, 9.0]
[11.167810886650972, 11.0]
[10.011992808627062, 15.0]
[8.50411665018772, 21.0]
[8.217055433669655, 22.0]
[7.9448096264164825, 23.0]
[7.636753236814714, 24.0]
[7.573638491504596, 25.0]
[12.454717981552212, 7.0]
[10.49952379872535, 13.0]
[10.229369482035539, 14.0]
[6.196773353931867, 33.0]
[6.000000000000001, 34.0]
[5.81033561853358, 35.0]
[7.188880302244572, 27.0]
[7.008566187174092, 28.0]
[6.6932802122726045, 30.0]
[6.387487769068525, 31.0]
[6.260990336999411, 32.0]
[12.152366024770648, 8.0]
[10.855413396089528, 12.0]
[11.478675881825396, 10.0]
[13.145341380123986, 5.0]
[12.774975538137047, 6.0]
[9.732420048477152, 16.0]
[9.43610088966836, 17.0]
[9.213034245024817, 18.0]
[7.3810568348983745, 26.0]
[6.876045375068434, 29.0]
[5.699122739510003, 36.0]
[5.440588203494177, 37.0]
Average: 0.5592652547087336
Standard Deviation: 0.005101699261477833
Max: 0.5675906965762951
Min: 0.5469958260185589
Count: 30
Converged after iter. (avg): 91333.33333333333

