Reference Set:

290.0 1.0 
87.66345238095238 99.0 
89.07226190476193 97.0 
87.66345238095239 98.0 
273.0 4.0 
270.0 5.0 
202.1666666666667 21.0 
197.66666666666674 22.0 
197.16666666666674 23.0 
133.51111111111103 52.0 
131.78888888888883 54.0 
127.78888888888888 55.0 
126.78888888888888 56.0 
120.73333333333332 58.0 
117.64999999999999 59.0 
116.59444444444446 61.0 
116.56666666666665 62.0 
115.56666666666665 63.0 
115.53888888888883 64.0 
115.04999999999997 65.0 
114.88333333333328 66.0 
110.18888888888887 67.0 
109.57777777777778 68.0 
107.57777777777778 69.0 
106.41111111111111 70.0 
105.97083333333333 72.0 
105.97083333333332 73.0 
105.13749999999999 74.0 
105.13749999999997 76.0 
105.05416666666666 77.0 
103.3541666666667 78.0 
103.35416666666669 79.0 
102.68750000000003 80.0 
102.39583333333336 81.0 
101.97500000000005 85.0 
101.97500000000004 86.0 
100.82333333333338 87.0 
98.82333333333338 88.0 
98.55333333333337 90.0 
95.45333333333338 93.0 
72.29920634920632 157.0 
72.14999999999996 160.0 
71.42999999999998 161.0 
173.25000000000014 32.0 
77.32666666666667 134.0 
76.84333333333335 135.0 
76.78666666666663 138.0 
76.78666666666662 141.0 
76.55333333333331 145.0 
76.25333333333332 147.0 
75.68666666666662 149.0 
73.96761904761902 151.0 
73.96761904761901 153.0 
72.92976190476185 154.0 
71.07261904761906 162.0 
67.97261904761905 163.0 
66.80595238095238 165.0 
66.61428571428571 166.0 
66.1142857142857 167.0 
66.08253968253966 175.0 
66.03809523809522 176.0 
65.21865079365078 177.0 
65.1115079365079 178.0 
64.43174603174602 179.0 
63.72896825396824 180.0 
63.553373015873014 183.0 
63.553373015873 187.0 
63.495833333333344 188.0 
63.148611111111144 192.0 
62.98703703703705 193.0 
62.65370370370372 194.0 
186.08333333333343 26.0 
182.08333333333343 27.0 
182.0833333333334 28.0 
174.91666666666674 31.0 
264.1666666666667 6.0 
157.51666666666665 38.0 
154.24999999999997 39.0 
150.74999999999997 42.0 
150.5833333333333 43.0 
87.30809523809522 114.0 
86.8080952380952 115.0 
86.62023809523807 116.0 
86.12023809523807 117.0 
86.06190476190477 118.0 
84.47857142857143 121.0 
81.72857142857144 122.0 
80.88412698412696 123.0 
80.84444444444443 124.0 
80.53055555555555 126.0 
80.53055555555554 127.0 
79.91190476190476 131.0 
279.0 3.0 
258.0 7.0 
254.1666666666667 8.0 
237.33333333333334 12.0 
232.33333333333334 13.0 
228.16666666666674 14.0 
149.08333333333331 44.0 
249.0 9.0 
244.00000000000009 10.0 
238.50000000000009 11.0 
55.02619047619045 242.0 
180.93333333333328 29.0 
145.9333333333333 45.0 
145.43333333333328 46.0 
144.43333333333328 47.0 
137.6 51.0 
61.97166666666667 196.0 
61.97166666666666 197.0 
61.785000000000004 200.0 
61.785 201.0 
61.451666666666675 203.0 
61.294999999999995 207.0 
61.08142857142856 208.0 
60.16809523809524 210.0 
59.60619047619048 212.0 
59.60619047619046 213.0 
57.672857142857126 221.0 
57.13833333333333 225.0 
57.13833333333332 226.0 
141.91666666666669 49.0 
46.304393424036284 312.0 
143.1583333333333 48.0 
140.15833333333327 50.0 
170.33333333333331 33.0 
166.33333333333331 34.0 
164.33333333333331 35.0 
154.0 40.0 
151.58333333333331 41.0 
284.5 2.0 
52.51565656565657 261.0 
51.909379509379534 266.0 
50.909379509379534 267.0 
49.63915343915344 282.0 
47.83707010582012 284.0 
47.55135582010584 286.0 
47.55135582010583 288.0 
47.204034391534414 291.0 
47.2040343915344 293.0 
47.20403439153439 296.0 
46.93458994708995 299.0 
178.16666666666674 30.0 
190.83333333333334 25.0 
163.1 36.0 
46.41885574742718 311.0 
46.284896849182545 314.0 
46.06162845091416 315.0 
46.06162845091415 317.0 
44.58245310245309 318.0 
224.0 15.0 
220.0 16.0 
214.50000000000003 17.0 
210.50000000000003 18.0 
162.33333333333337 37.0 
54.56699134199135 257.0 
54.56699134199134 258.0 
52.2157166907167 262.0 
52.11452621452621 263.0 
49.749714405964376 279.0 
207.16666666666666 20.0 
193.33333333333337 24.0 
85.78999999999999 120.0 
56.891666666666666 227.0 
55.711111111111094 228.0 
55.71111111111109 229.0 
53.37499999999999 259.0 
49.97499999999999 271.0 

QLearning
Approximation Set:
[225.25, 96.0]
[196.93055555555563, 274.0]
[195.68055555555563, 276.0]
[221.22222222222229, 117.0]
[216.72222222222226, 121.0]
[206.3055555555556, 144.0]
[222.77777777777786, 110.0]
[221.6666666666667, 113.0]
[220.58333333333337, 119.0]
[214.6666666666667, 124.0]
[212.11111111111114, 125.0]
[249.25, 27.0]
[205.91111111111115, 199.0]
[203.82638888888889, 207.0]
[202.35416666666663, 209.0]
[274.5, 7.0]
[268.0, 9.0]
[264.0, 10.0]
[258.0, 11.0]
[254.5, 12.0]
[250.0, 13.0]
[238.41666666666666, 47.0]
[235.91666666666666, 52.0]
[235.66666666666666, 53.0]
[210.6388888888889, 130.0]
[224.4305555555556, 99.0]
[231.86111111111111, 58.0]
[227.52777777777777, 59.0]
[227.44444444444446, 60.0]
[227.16666666666674, 71.0]
[244.25, 35.0]
[243.6666666666667, 42.0]
[237.25000000000006, 50.0]
[290.0, 1.0]
[223.75694444444446, 106.0]
[286.0, 2.0]
[278.0, 4.0]
[277.25, 6.0]
[272.25, 8.0]
[280.5, 3.0]
[244.50000000000003, 29.0]
[243.08333333333337, 43.0]
[238.5833333333334, 44.0]
Average: 0.2506567472612372
Standard Deviation: 0.011731351577434363
Max: 0.28321154395065123
Min: 0.2367038082562131
Count: 30
Converged after iter. (avg): 93066.66666666667


NSGAII
Approximation Set:
[115.97083333333329, 81.0]
[115.97083333333332, 78.0]
[115.9708333333333, 79.0]
[119.73722222222219, 75.0]
[120.13722222222219, 74.0]
[98.24730158730158, 96.0]
[114.50305555555555, 82.0]
[105.72311507936506, 87.0]
[104.48700396825396, 88.0]
[103.56999999999998, 90.0]
[103.56999999999996, 91.0]
[100.0688888888889, 92.0]
[99.37916666666666, 93.0]
[109.2236111111111, 86.0]
[87.66345238095238, 99.0]
[89.07226190476193, 97.0]
[87.66345238095239, 98.0]
Average: 0.5224516678010898
Standard Deviation: 0.0248814799091029
Max: 0.5747620080436991
Min: 0.4656653338906976
Count: 30
Converged after iter. (avg): 98933.33333333333


QLearningExplore
Approximation Set:
[273.0, 4.0]
[270.0, 5.0]
[202.1666666666667, 21.0]
[197.66666666666674, 22.0]
[197.16666666666674, 23.0]
[133.51111111111103, 52.0]
[131.78888888888883, 54.0]
[127.78888888888888, 55.0]
[126.78888888888888, 56.0]
[120.73333333333332, 58.0]
[117.64999999999999, 59.0]
[116.59444444444446, 61.0]
[116.56666666666665, 62.0]
[115.56666666666665, 63.0]
[115.53888888888883, 64.0]
[115.04999999999997, 65.0]
[114.88333333333328, 66.0]
[110.18888888888887, 67.0]
[109.57777777777778, 68.0]
[107.57777777777778, 69.0]
[106.41111111111111, 70.0]
[105.97083333333333, 72.0]
[105.97083333333332, 73.0]
[105.13749999999999, 74.0]
[105.13749999999997, 76.0]
[105.05416666666666, 77.0]
[103.3541666666667, 78.0]
[103.35416666666669, 79.0]
[102.68750000000003, 80.0]
[102.39583333333336, 81.0]
[101.97500000000005, 85.0]
[101.97500000000004, 86.0]
[100.82333333333338, 87.0]
[98.82333333333338, 88.0]
[98.55333333333337, 90.0]
[95.45333333333338, 93.0]
[94.03333333333335, 98.0]
[94.03333333333333, 99.0]
[91.58333333333333, 105.0]
[90.68999999999998, 107.0]
[89.94, 109.0]
[72.29920634920632, 157.0]
[72.14999999999996, 160.0]
[71.42999999999998, 161.0]
[173.25000000000014, 32.0]
[77.32666666666667, 134.0]
[76.84333333333335, 135.0]
[76.78666666666663, 138.0]
[76.78666666666662, 141.0]
[76.55333333333331, 145.0]
[76.25333333333332, 147.0]
[75.68666666666662, 149.0]
[73.96761904761902, 151.0]
[73.96761904761901, 153.0]
[72.92976190476185, 154.0]
[71.07261904761906, 162.0]
[67.97261904761905, 163.0]
[66.80595238095238, 165.0]
[66.61428571428571, 166.0]
[66.1142857142857, 167.0]
[66.08253968253966, 175.0]
[66.03809523809522, 176.0]
[65.21865079365078, 177.0]
[65.1115079365079, 178.0]
[64.43174603174602, 179.0]
[63.72896825396824, 180.0]
[63.553373015873014, 183.0]
[63.553373015873, 187.0]
[63.495833333333344, 188.0]
[63.148611111111144, 192.0]
[62.98703703703705, 193.0]
[62.65370370370372, 194.0]
[186.08333333333343, 26.0]
[182.08333333333343, 27.0]
[182.0833333333334, 28.0]
[174.91666666666674, 31.0]
[264.1666666666667, 6.0]
[157.51666666666665, 38.0]
[154.24999999999997, 39.0]
[150.74999999999997, 42.0]
[150.5833333333333, 43.0]
[90.10119047619045, 108.0]
[88.59809523809523, 111.0]
[88.59809523809521, 112.0]
[87.30809523809522, 114.0]
[86.8080952380952, 115.0]
[86.62023809523807, 116.0]
[86.12023809523807, 117.0]
[86.06190476190477, 118.0]
[84.47857142857143, 121.0]
[81.72857142857144, 122.0]
[80.88412698412696, 123.0]
[80.84444444444443, 124.0]
[80.53055555555555, 126.0]
[80.53055555555554, 127.0]
[79.91190476190476, 131.0]
[279.0, 3.0]
[258.0, 7.0]
[254.1666666666667, 8.0]
[237.33333333333334, 12.0]
[232.33333333333334, 13.0]
[228.16666666666674, 14.0]
[149.08333333333331, 44.0]
[249.0, 9.0]
[244.00000000000009, 10.0]
[238.50000000000009, 11.0]
[55.02619047619045, 242.0]
[180.93333333333328, 29.0]
[145.9333333333333, 45.0]
[145.43333333333328, 46.0]
[144.43333333333328, 47.0]
[137.6, 51.0]
[61.97166666666667, 196.0]
[61.97166666666666, 197.0]
[61.785000000000004, 200.0]
[61.785, 201.0]
[61.451666666666675, 203.0]
[61.294999999999995, 207.0]
[61.08142857142856, 208.0]
[60.16809523809524, 210.0]
[59.60619047619048, 212.0]
[59.60619047619046, 213.0]
[57.672857142857126, 221.0]
[57.13833333333333, 225.0]
[57.13833333333332, 226.0]
[141.91666666666669, 49.0]
[46.304393424036284, 312.0]
[143.1583333333333, 48.0]
[140.15833333333327, 50.0]
[170.33333333333331, 33.0]
[166.33333333333331, 34.0]
[164.33333333333331, 35.0]
[154.0, 40.0]
[151.58333333333331, 41.0]
[290.0, 1.0]
[284.5, 2.0]
[52.51565656565657, 261.0]
[51.909379509379534, 266.0]
[50.909379509379534, 267.0]
[49.63915343915344, 282.0]
[47.83707010582012, 284.0]
[47.55135582010584, 286.0]
[47.55135582010583, 288.0]
[47.204034391534414, 291.0]
[47.2040343915344, 293.0]
[47.20403439153439, 296.0]
[46.93458994708995, 299.0]
[178.16666666666674, 30.0]
[190.83333333333334, 25.0]
[163.1, 36.0]
[46.41885574742718, 311.0]
[46.284896849182545, 314.0]
[46.06162845091416, 315.0]
[46.06162845091415, 317.0]
[44.58245310245309, 318.0]
[224.0, 15.0]
[220.0, 16.0]
[214.50000000000003, 17.0]
[210.50000000000003, 18.0]
[162.33333333333337, 37.0]
[54.56699134199135, 257.0]
[54.56699134199134, 258.0]
[52.2157166907167, 262.0]
[52.11452621452621, 263.0]
[49.749714405964376, 279.0]
[207.16666666666666, 20.0]
[193.33333333333337, 24.0]
[85.78999999999999, 120.0]
[92.62777777777777, 103.0]
[88.9611111111111, 110.0]
[56.891666666666666, 227.0]
[55.711111111111094, 228.0]
[55.71111111111109, 229.0]
[53.37499999999999, 259.0]
[49.97499999999999, 271.0]
Average: 0.7784373550091565
Standard Deviation: 0.008323600308523844
Max: 0.7970039229918283
Min: 0.761105862423096
Count: 30
Converged after iter. (avg): 94666.66666666667

